26835 1795 -2137
1795 698 1510
-2137 1510 6884
4212 3925 -1682
3925 5592 -3887
-1682 -3887 4172
5837 697 -3074
697 7206 -5717
-3074 -5717 6037
8396 -9805 -968
-9805 14226 -94
-968 -94 681
6711 4684 739
4684 11099 7286
739 7286 6107
11109 2586 -7789
2586 5389 -4590
-7789 -4590 9283
10010 -7000 -9559
-7000 7143 7052
-9559 7052 18791
1991 1891 -3111
1891 4725 5324
-3111 5324 28281
10149 2005 13165
2005 17345 -3477
13165 -3477 19888
2959 -762 -3292
-762 12972 831
-3292 831 16816
41939 -3703 5922
-3703 21200 1003
5922 1003 2972
