27153 7132 169
4058 357 370
259 1024 -3971
-449 3957 981
11269 2510 223
2094 -2902 -2028
2850 -6 2951
-2086 -2924 2008
13312 5558 233
1376 -3606 1405
2723 1965 2343
-2748 148 3044
21551 1759 12
2447 2554 2068
-3297 1967 1463
-98 -2541 3214
17963 5879 103
1499 -3553 1428
3202 321 -2553
2078 2033 2883
19787 4740 1277
2795 -2435 1765
1347 3166 2224
-2683 -951 2971
29236 5324 1392
2115 -2142 2799
-1680 2260 2988
-3099 -2692 302
29687 5343 10
394 2349 3339
-848 3331 -2250
-4004 -475 797
29325 17878 196
2249 1006 -3293
-555 3979 831
3381 -27 2303
17773 12798 2181
883 -49 4009
-863 4001 221
-3921 -902 856
43383 20767 1947
4005 597 -679
-664 4039 -376
593 457 4016
